5430
672
3479
4193
5888
9978
637
10038
2965
3486
8493
1019
3791
6240
1069
1956
5970
2067
1021
2475
6300
142
57804
7374
3508
472
5887
1017
5883
8795
1349
3265
3845
4893
1540
4047
23549
3174
51290
3815
4605
22868
10447
11213
5607
3621
11340
79174
23291
378
367
2806
994
2958
9415
26301
3300
51719
817
2059
23463
929
135
85443
23530
9945
213
818
25
5243
9429
21
2535
1577
1436
780
5004
5530
4914
5156
5159
1827
5979
4149
4609
978
1029
89845
1633
7084
51727
2030
3177
874
10007
1025
185
8814
10327
3170
22818
3560
1594
22894
2167
22921
81533
9219
2100
3980
10247
4758
4724
4677
9928
3576
2581
51181
23236
5532
10555
8550
10845
4058
9734
4342
83903
369
9474
4175
5599
10146
1407
7376
4729
894
444
10476
23786
25932
22859
1062
598
4174
8644
7298
8767
10421
284058
2175
23405
1605
3608
3034
3735
3055
9961
80319
55914
51274
9829
283150
1857
10093
191
4594
5600
11183
3778
1844
4191
10695
10973
79258
10276
2047
1381
1508
4548
1123
2959
8727
3551
79012
2182
8325
1981
1164
65220
2879
3556
11004
93
890
340273
1431
10595
79618
3800
488
675
54566
875
8804
53944
4773
10987
9111
4352
79109
9261
9637
83873
308
2266
9184
771
4882
10694
10153
4214
5604
54821
9318
975
8894
23149
3329
3716
5598
3832
51086
166614
192286
2553
1196
1736
1457
2058
3795
10783
5058
1948
6990
4190
4691
4704
1072
115201
8996
84961
89849
80271
22853
5609
25865
65975
3313
55699
94
4835
55793
5170
811
7840
56940
51182
1497
8518
8061
6792
1445
2241
7867
8877
85458
140735
23658
1495
9710
3376
5394
8737
2737
2615
10988
5610
1891
8476
6885
54861
10651
1454
2321
9263
54815
60468
197259
1958
204851
53632
3611
8220
9918
23604
2870
1263
3215
203
801
57118
2079
54512
644
10664
833
8837
1856
259266
2041
5045
5602
5586
5699
6041
7780
4089
6775
699
596
4363
1244
716
873
271
1545
10295
330
6790
1984
2197
599
8678
8883
29082
356
4074
4176
4217
5167
5594
578
597
8900
673
9759
10198
10533
11007
55139
1009
81620
83939
253430
1490
27
2015
2149
2309
3099
338
350
3558
841
8609
891
8945
9112
10524
10613
10898
1027
26993
1384
210
56647
57634
91133
1718
1719
1871
2033
2068
2237
2956
345
3094
3476
4221
4255
4436
4439
84930
8574
2677
3122
3688
8202
5352
5906
2194
57657
1737
9842
563
7852
11113
11325
29116
230
9794
5914
538
10058
760
634
2961
9289
26298
83737
27297
3458
657
23576
1960
8777
5588
51704
23536
4297
3428
3565
22809
1213
2
2274
816
9817
4771
11319
2166
51265
2627
10094
3588
999
55143
4750
10379
539
3198
9643
1105
572
79187
2768
51170
3665
2180
3821
9355
23200
1314
51347
604
8548
51805
51635
10097
22858
2065
83999
51451
375449
90381
54505
83694
10109
1606
55127
80025
4139
5569
84433
317
2021
332
3297
3559
3586
3606
4303
573
5595
8558
9131
898
10933
23581
55907
57448
3920
3978
4294
4331
662
8019
8477
8525
8841
9133
9156
9459
694
9531
695
839
10553
11124
23266
23300
23588
55179
64170
64400
64422
1080
208
1211
1611
1612
1677
1869
1978
3162
9955
11200
22944
1022
23464
1591
117154
151636
2189
3146
3148
3242
3988
506
4601
1453
29899
8536
4763
80314
139760
218
1616
1643
310
1892
1936
2072
2308
3014
3214
4055
4199
4258
4615
475
624
663
7915
665
8517
8772
9140
836
10018
840
842
10645
883
10922
914
26574
29775
970
54555
55379
4171
581
638
8453
8738
9134
9212
837
1676
2717
3029
3065
3119
3480
902
55107
55120
64858
65123
1642
1763
2071
2188
2946
3066
11083
9447
545
207
79885
83933
1209
1212
1459
1613
1848
1974
2081
329
3553
355
3726
3934
4154
4292
5606
7965
664
8850
8915
9700
25842
29933
51053
196
995
55723
55832
27113
958
1852
2355
1786
222611
1018
57822
1111
1147
2073
2289
2730
3091
8535
30001
54584
56616
57538
641
3383
1026
2287
2746
3725
4170
10001
8208
3364
80306
94235
4616
688
9412
9656
23476
26271
993
2932
5925
9181
4233
1659
966
1849
9564
25836
3481
10135
5562
5347
10110
5063
7157
4486
238
324
10111
546
4485
1020
2353
4296
1385
5932
7832
5290
145258
57819
3569
3717
595
1647
2064
6714
8797
7001
6098
2247
983
3337
1959
3308
3098
5591
5889
3939
23411
7518
8505
991
4921
27241
2260
1052
4194
5371
5985
8243
5524
56998
4790
5743
23636
25976
7150
4841
5728
10000
2625
5715
6502
4830
5465
382
8445
28996
392
54205
2146
4613
4792
9641
1950
5052
6513
1841
4323
2744
3320
3397
2099
1977
3662
701
1432
5292
2322
6595
11284
328
5518
6872
6883
1499
1854
2261
2735
5918
6198
23512
10733
7398
55809
5688
5162
26576
8650
9898
23338
10929
10769
58472
7357
255725
127933
8878
9491
23509
57507
143187
6208
6259
5013
10051
10412
5423
51750
10813
7525
9326
11243
83732
6421
10452
79073
7428
22934
7474
65267
81894
3093
5869
10915
6721
7580
5910
6576
205564
6514
5618
6799
10253
7703
7263
7301
7982
5329
7543
5770
7483
5930
337867
8140
83942
8148
5879
8239
65018
8463
84619
5682
4891
10557
5048
7316
5437
84333
11040
64750
5577
8835
5305
5452
6643
57057
7343
10745
29928
6715
7625
5268
7153
7003
7291
5018
6223
147686
6500
11137
89910
85481
112885
7756
10730
5445
11108
9767
5992
65264
9925
6253
122618
154197
115992
51231
6924
4931
55703
22938
5320
146057
6118
23043
84844
10972
7311
5300
8554
7226
9868
9378
4953
5663
9533
2547
3054
5792
6608
6648
4915
387
4671
4780
4998
5157
6203
6591
6723
6788
6827
6934
7027
7185
7187
7270
7494
9246
9958
10298
10497
10921
10953
22978
23368
55504
57147
114026
120103
6241
6663
7486
7508
9126
9213
9221
9690
10721
11044
27244
54386
170591
317705
4728
4869
4968
5087
5378
5516
25898
9294
6672
23443
7699
7088
8805
7337
5649
6303
7168
29978
3431
25888
3651
6258
10621
5859
5529
57551
7321
5686
7082
7444
147949
5428
23212
6772
9939
10048
9697
51776
5252
54472
9688
5747
6015
51097
8396
5564
57684
5534
23355
5693
10482
4801
7181
57144
84108
5165
6102
89765
6251
7227
339500
65266
54577
51444
6659
10617
80746
5422
5511
83549
4683
4832
5289
5696
7188
8717
9352
9618
10392
10868
27242
51330
51530
4791
4929
5325
5684
5709
5875
7528
8879
10383
10477
10857
11065
23314
55031
64127
80230
134860
331
5921
5981
6689
9706
9748
10329
10856
23047
64326
94233
167359
387893
5366
112858
388
5055
5134
5578
5590
5720
6446
7132
7159
7323
7345
8771
9604
10125
10201
11073
51079
51465
55825
4734
4976
5533
5716
8565
9262
64219
5982
7465
8604
23075
29850
341676
66008
340371
4804
5036
5563
5810
6621
7040
7124
7251
7988
8743
10285
944
51720
55558
57048
57761
5451
9616
7175
85004
4719
5002
5359
5435
5698
5894
6199
6622
6647
6794
7016
7128
7158
7334
8382
8784
9097
143
11142
23657
25913
51588
51741
5111
6119
5546
7013
7319
7332
375346
2810
5777
6117
7083
7335
8438
54623
54659
91419
7416
29110
5567
5580
5581
2263
5295
5296
9252
4087
6464
6774
6194
8428
1387
7702
7520
6597
5335
10451
2011
4088
10413
2313
6418
255738
4091
10641
5345
7249
4313
7248
7421
5624
3399
7296
5291
6908
51755
3690
1803
117196
2195
6188
6196
3630
7750
10397
